2
3
10
12
13
14
15
17
18
24
26
29
32
36
37
43
44
46
50
52
54
55
62
72
76
77
82
83
89
90
91
98
99
105
106
109
110
112
113
119
124
127
129
130
132
137
139
142
143
146
149
150
152
153
154
160
161
162
163
164
169
170
183
185
187
189
194
196
197
198
199
200
202
205
206
208
210
214
215
218
220
221
227
232
239
242
243
248
251
252
255
257
260
261
262
264
265
266
268
273
275
277
278
282
283
285
286
289
290
297
298
299
305
307
309
310
315
317
318
320
323
324
325
327
328
332
336
338
344
347
349
351
355
361
363
366
367
370
377
385
387
389
390
392
394
396
402
403
411
412
413
419
420
426
427
428
429
430
431
432
436
438
439
445
450
452
454
455
458
463
464
465
466
472
474
475
477
479
482
483
485
489
490
493
495
502
504
508
511
512
516
517
520
523
524
526
530
531
532
534
536
542
543
544
551
552
553
556
559
565
567
572
574
575
577
579
583
584
586
591
592
593
594
595
603
607
608
609
621
622
625
626
627
629
630
631
635
641
643
646
655
656
657
659
661
664
666
667
669
671
672
673
674
676
678
679
680
681
682
683
684
688
689
690
693
699
700
705
707
712
715
717
718
719
720
721
722
723
724
725
726
727
728
729
730
731
732
733
734
735
736
737
738
739
740
741
742
745
746
747
748
749
756
757
760
761
763
767
774
775
777
778
779
784
785
786
787
788
789
790
791
792
793
794
795
796
797
798
799
802
813
817
819
821
823
826
828
838
844
850
853
855
856
860
863
864
873
881
882
887
889
890
893
895
897
899
901
911
915
916
918
920
921
923
924
925
927
929
934
944
946
947
951
952
958
960
965
969
978
983
984
985
986
993
994
1003
1004
1012
1021
1032
1044
1050
1061
1066
1074
1078
1080
1085
1107
1117
1119
1121
1128
1134
1145
1170
1171
1173
1174
1175
1176
1179
1186
1193
1194
1196
1198
1207
1217
1231
1233
1234
1252
1253
1264
1265
1267
1269
1271
1273
1282
1283
1285
1313
1314
1316
1321
1328
1333
1337
1344
1354
1360
1362
1363
1374
1381
1383
1399
1400
1423
1424
1431
1434
1443
1445
1454
1471
1473
1483
1487
1488
1491
1494
1498
1499
1521
1526
1536
1586
1587
1608
1614
1615
1627
1630
1632
1637
1638
1639
1651
1659
1663
1664
1668
1673
1679
1681
1709
1738
1762
1773
1786
1790
1792
1797
1809
1812
1819
1821
1822
1832
1833
1844
1854
1857
1869
1874
1878
1892
1903
1914
1921
1924
1928
1936
1953
1958
1964
1968
1969
1971
1979
1993
2003
2006
2018
2020
2058
2082
2086
2088
2094
2095
2096
2097
2101
2113
2114
2118
2123
2131
2138
2146
2155
2160
2179
2195
2218
2233
2238
2248
2253
2255
2256
2258
2263
2267
2268
2270
2271
2277
2281
2282
2284
2286
2288
2289
2290
2291
2292
2293
2294
2295
2296
2297
2298
2299
2300
2301
2302
2303
2304
2305
2306
2307
2308
2309
2310
2311
2312
2313
2314
2315
2316
2317
2318
2319
2320
2321
2322
2323
2324
2325
2326
2327
2328
2329
2331
2351
2355
2356
2379
2384
2416
2426
2442
2452
2482
2492
2494
2507
2516
2519
2527
2541
2548
2552
2578
2610
2615
2616
2631
2636
2639
2646
2651
2666
2671
2677
2682
2683
2684
2685
2686
2687
2688
2689
2690
2691
2692
2693
2694
2695
2696
2697
2698
2699
2700
2701
2703
2706
2707
2708
2710
2712
2714
2715
2716
2717
2718
2720
2722
2724
2726
2727
2728
2730
2731
2732
2734
2736
2738
2740
2742
2744
2746
2748
2750
2752
2754
2755
2756
2758
2760
2762
2764
2766
2768
2770
2772
2774
2776
2778
2780
2782
2784
2786
2788
2790
2792
2794
2796
2798
2800
2801
2802
2804
2806
2807
2808
2810
2812
2814
2816
2818
2820
2822
2824
2828
2858
2860
2863
2868
2870
2878
2886
2889
2891
2899
2931
2937
2939
2954
2955
2968
2997
3030
3031
3033
3047
3050
3051
3066
3068
3078
3085
3099
3101
3113
3118
3127
3134
3153
3159
3166
3178
3199
3233
3248
3249
3252
3254
3269
3285
3287
3304
3327
3338
3342
3347
3348
3349
3365
3372
3391
3395
3420
3424
3425
3426
3427
3428
3429
3430
3431
3432
3433
3434
3435
3436
3437
3438
3439
3440
3441
3442
3443
3444
3445
3446
3447
3448
3449
3523
3551
3579
3584
3589
3631
3649
3671
3678
3689
3702
3720
3724
3736
3804
3809
3816
3830
3832
3836
3850
3852
3854
3873
3874
3877
3886
3887
3888
3889
3890
3891
3892
3893
3894
3895
3896
3897
3898
3899
3900
3901
3902
3903
3904
3905
3906
3907
3908
3909
3910
3911
3912
3913
3914
3915
3916
3917
3918
3919
3920
3921
3922
3923
3924
3935
3956
3964
3982
4033
4040
4100
4116
4168
4194
4204
4220
4221
4233
4274
4278
4303
4305
4312
4313
4340
4358
4365
4393
4399
4407
4411
4413
4414
4415
4416
4417
4418
4419
4420
4421
4422
4423
4424
4425
4426
4427
4428
4429
4430
4431
4432
4433
4434
4435
4436
4437
4438
4439
4440
4441
4442
4443
4444
4445
4446
4447
4448
4449
4465
4493
4494
4503
4515
4524
4527
4558
4569
4584
4588
4599
4602
4605
4613
4614
4617
4620
4636
4644
4647
4658
4660
4677
4686
4691
4697
4700
4709
4710
4712
4729
4739
4752
4756
4759
4763
4764
4766
4788
4813
4822
4826
4837
4844
4858
